7
0	1	2	3	4	5	6	
0
8
1	1	2
48	48	80
48	48	80
0	1	0	1	0	1	0	1	0	0	0	1
-16	16	-16	-16	16	16	16	16	16	16	16	-16	16	-16	-16	16	-16	16	-16	-16	16	-16	-16	-16	
1	1	3
48	48	112
48	48	112
0	1	0	1	0	1	0	1	0	0	0	1
-16	16	-16	-16	16	16	16	16	16	16	16	-16	16	-16	-16	16	-16	16	-16	-16	16	-16	-16	-16	
1	1	4
48	48	144
48	48	144
0	1	0	1	0	1	0	1	0	0	0	1
-16	16	-16	-16	16	16	16	16	16	16	16	-16	16	-16	-16	16	-16	16	-16	-16	16	-16	-16	-16	
1	1	5
48	48	176
48	48	176
0	1	0	1	0	1	0	1	0	0	0	1
-16	16	-16	-16	16	16	16	16	16	16	16	-16	16	-16	-16	16	-16	16	-16	-16	16	-16	-16	-16	
1	2	2
48	80	80
48	80	80
0	1	0	1	0	1	0	1	0	0	0	1
-16	16	-16	-16	16	16	16	16	16	16	16	-16	16	-16	-16	16	-16	16	-16	-16	16	-16	-16	-16	
2	1	2
80	48	80
80	48	80
0	1	0	1	0	1	0	1	0	0	0	1
-16	16	-16	-16	16	16	16	16	16	16	16	-16	16	-16	-16	16	-16	16	-16	-16	16	-16	-16	-16	
2	1	3
80	48	112
80	48	112
0	1	0	1	0	1	0	1	0	0	0	1
-16	16	-16	-16	16	16	16	16	16	16	16	-16	16	-16	-16	16	-16	16	-16	-16	16	-16	-16	-16	
2	2	2
80	80	80
80	80	80
0	1	0	1	0	1	0	1	0	0	0	1
-16	16	-16	-16	16	16	16	16	16	16	16	-16	16	-16	-16	16	-16	16	-16	-16	16	-16	-16	-16	
128	444	144
128	444	144
1	1	0	1	1	1	0	1	0	0	0	1
-16	16	0
-16	16	0
1	1	0	1	1	1	0	1	0	0	0	1
-16	16	-16	-16	16	16	16	16	16	16	16	-16	16	-16	-16	16	-16	16	-16	-16	16	-16	-16	-16	
16	16	0
16	16	0
1	1	0	1	1	1	0	1	0	0	0	1
-16	16	-16	-16	16	16	16	16	16	16	16	-16	16	-16	-16	16	-16	16	-16	-16	16	-16	-16	-16	
16	-16	0
16	-16	0
1	1	0	1	1	1	0	1	0	0	0	1
-16	16	-16	-16	16	16	16	16	16	16	16	-16	16	-16	-16	16	-16	16	-16	-16	16	-16	-16	-16	
-16	-16	0
-16	-16	0
1	1	0	1	1	1	0	1	0	0	0	1
-16	16	-16	-16	16	16	16	16	16	16	16	-16	16	-16	-16	16	-16	16	-16	-16	16	-16	-16	-16	
8
1
1
-0.0785398
0
0
0
1
0	0	0
0
0
3	0	4
4	0	4
4	0	4
3	0	4
0.2	0.2	0.2	1	0.2	0.2	0.2	1	0	0	0	1	0.2	0.2	0.2	1	0.2	0.2	0.2	1	0	0	0	1	0.2	0.2	0.2	1	0.2	0.2	0.2	1	0	0	0	1	0.2	0.2	0.2	1	0.2	0.2	0.2	1	0	0	0	1	0
0
-1
